[osc]
# Atmospheric mixing parameters used for samples comparison
theta12 = 33.460498694345453 units.deg
theta13 = 8.490662585025774 +/- 0.205 units.deg
theta23 = 42.245560664398468 units.deg
deltacp = 306 units.deg
deltam21 = 7.5e-5 units.eV**2
deltam31 = 0.002457  units.eV**2
